mapSizeX: 0.68
mapSizeY: 0.36000000000000004
meanCopCost: 173.56063875
meanObjectValue: 4.8750780762023735
originX: -9.6
originY: -3.6
stdCopCost: 144.33277177391832
stdObjectValue: 33.31558463613157
